PullRequestId	AcceptedPullRequestId
2204	2141
2206	2204
2208	2213
2213	2206
2226	2208
2236	2614
2256	2264
2264	2257
2265	2256
2269	2256
2271	2256
2272	2278
2278	2265
2307	2272
2341	2307
2345	2359
2346	2341
2350	2359
2358	2346
2359	2358
2362	2350
2379	2362
2381	2379
2382	2409
2402	2381
2409	2410
2410	2381
2427	2382
2428	2382
2429	2382
2431	2382
2432	2382
2434	2382
2435	2446
2437	2434
2438	2434
2442	2434
2444	2434
2445	2434
2446	2434
2447	2434
2448	2446
2449	2446
2450	2446
2451	2446
2452	2446
2453	2446
2454	2446
2455	2446
2456	2446
2458	2446
2462	2446
2465	2446
2468	2446
2469	2446
2472	2446
2476	2446
2477	2446
2479	2446
2481	2446
2482	2446
2487	2446
2488	2446
2493	2446
2494	2446
2495	2614
2498	2446
2499	2446
2501	2446
2502	2446
2504	2501
2505	2501
2506	2501
2507	2501
2508	2501
2510	2501
2511	2501
2512	2501
2513	2501
2514	2501
2515	2501
2517	2501
2519	2501
2520	2501
2521	2501
2523	2501
2524	2501
2525	2501
2526	2501
2527	2501
2529	2501
2532	2501
2533	2607
2534	2501
2536	2501
2537	2501
2539	2501
2540	2501
2542	2501
2543	2501
2544	2501
2546	2501
2547	2501
2549	2501
2551	2501
2554	2501
2560	2501
2562	2501
2568	2501
2569	2501
2570	2501
2572	2501
2573	2501
2574	2501
2577	2501
2578	2501
2579	2501
2581	2501
2582	2501
2583	2501
2584	2501
2585	2501
2586	2501
2587	2501
2588	2501
2589	2501
2592	2501
2593	2501
2594	2501
2595	2501
2605	2501
2606	2501
2607	2501
2611	2607
2613	2614
2614	2607
2615	2607
2616	2607
2618	2607
2620	2607
2622	2607
2624	2607
2626	2607
2628	2607
2630	2614
2632	2928
2634	2614
2635	2614
2637	2614
2638	2614
2640	2614
2641	2614
2642	2614
2643	2614
2647	2614
2649	2614
2650	2614
2651	2614
2652	2614
2654	2614
2656	2614
2657	2614
2658	2614
2659	2614
2660	2614
2661	2614
2663	2614
2664	2614
2667	2614
2670	2614
2671	2614
2674	2614
2675	2614
2676	2614
2678	2614
2680	2614
2686	2614
2689	2614
2690	2614
2691	2614
2692	2614
2696	2614
2699	2614
2700	2614
2701	2614
2702	2614
2703	2614
2704	2614
2705	2614
2708	2614
2709	2614
2710	2614
2712	2614
2713	2614
2714	2614
2718	2614
2720	2614
2723	2614
2724	2614
2725	2614
2726	2614
2728	2614
2730	2614
2733	2614
2734	2614
2735	2614
2736	2614
2737	2614
2738	2614
2740	2614
2741	2614
2742	2614
2743	2614
2744	2614
2745	2614
2746	2614
2748	2614
2749	2614
2751	2614
2752	2614
2754	2614
2759	2614
2765	2614
2768	2614
2769	2614
2771	2614
2773	2614
2775	2614
2780	2614
2781	2614
2782	2614
2783	2614
2786	2614
2788	2614
2790	2614
2793	2614
2794	2614
2795	2614
2796	2614
2799	2614
2801	2807
2802	2614
2803	2614
2806	2614
2807	2614
2809	2614
2810	2614
2811	2807
2814	2807
2815	2807
2817	2845
2819	2807
2822	2807
2823	2807
2825	2807
2826	2807
2828	2807
2830	2807
2831	2825
2832	2807
2834	2807
2837	2825
2838	2807
2845	2856
2848	2807
2851	2869
2852	2825
2853	2825
2854	2845
2856	2825
2859	2845
2861	2869
2867	2845
2869	2845
2870	2845
2871	2845
2872	2845
2875	2869
2876	2869
2877	2869
2878	2869
2880	2869
2881	2869
2884	2869
2886	2869
2887	2869
2888	2869
2890	2869
2891	2869
2892	2869
2894	2869
2895	2869
2897	2869
2898	2869
2903	2869
2904	2869
2906	2869
2908	2869
2909	2869
2912	2869
2913	2869
2915	2869
2917	2869
2919	2869
2920	2869
2922	2869
2925	2869
2926	2869
2927	2869
2928	2869
2929	2928
2930	2928
2931	2928
2932	2928
2933	2928
2935	2928
2936	2928
2937	2928
2939	2928
2940	2928
2941	2928
2944	3004
2945	2928
2946	2928
2948	2928
2950	2928
2952	2928
2954	2928
2955	2928
2956	2928
2958	2928
2960	2928
2961	2928
2962	2928
2963	2928
2964	2928
2967	2928
2968	2928
2970	2928
2972	2928
2974	2928
2975	2928
2976	2928
2978	2928
2981	2928
2982	2928
2986	2928
2987	2928
2989	2632
2990	2632
2991	2632
2993	2632
2995	2632
2998	2632
3003	3004
3004	2632
3005	2632
3007	3004
3009	3004
3011	2944
3013	3004
3015	3004
3016	3004
3017	3004
3018	3004
3019	3004
3020	3004
3021	3004
3023	2944
3024	2944
3026	2944
3027	2944
3028	2944
3029	2944
3030	2944
3031	2944
3032	2944
3033	2944
3035	2944
3036	2944
3037	2944
3038	2944
3039	2944
3042	3011
3045	3011
3050	3011
3052	3011
3053	3011
3054	3011
3056	3011
3058	3011
3060	3011
3065	3011
3068	3011
3070	3011
3071	3011
3072	3011
3073	3011
3075	3011
3076	3095
3078	3079
3079	3045
3081	3045
3082	3079
3083	3079
3085	3079
3088	3079
3089	3079
3091	3164
3094	3079
3095	3081
3096	3095
3098	3095
3100	3095
3102	3095
3103	3095
3104	3095
3106	3095
3107	3095
3109	3095
3111	3095
3113	3095
3119	3095
3121	3095
3122	3095
3123	3095
3125	3095
3127	3095
3129	3822
3131	3095
3134	3095
3137	3095
3138	3095
3141	3095
3145	3095
3146	3095
3147	3095
3148	3076
3150	3095
3154	3076
3155	3158
3156	3076
3157	3076
3158	3076
3161	3076
3164	3158
3168	3164
3170	3164
3172	3164
3173	3091
3175	3164
3177	3164
3180	3164
3183	3164
3185	3164
3187	3164
3191	3164
3192	3164
3193	3164
3195	3091
3198	3091
3199	3164
3200	3164
3202	3164
3205	3091
3206	3164
3208	3129
3210	3241
3214	3091
3216	3241
3217	3091
3218	3091
3220	3091
3222	3091
3223	3091
3225	3091
3228	3091
3231	3091
3232	3091
3233	3091
3234	3091
3236	3091
3237	3091
3239	3091
3240	3091
3241	3091
3242	3091
3244	3091
3245	3241
3246	3091
3248	3091
3250	3091
3252	3091
3253	3091
3254	3091
3256	3091
3257	3091
3259	3091
3261	3091
3263	3091
3266	3241
3267	3241
3269	3241
3271	3241
3272	3241
3274	3241
3275	3241
3277	3241
3280	3241
3281	3241
3282	3241
3285	3241
3287	3241
3288	3241
3291	3241
3293	3241
3295	3241
3298	3241
3301	3298
3303	3298
3304	3298
3307	3317
3311	3298
3312	3298
3315	3298
3317	3312
3323	3298
3325	3298
3330	3298
3331	3298
3333	3312
3335	3317
3336	3298
3337	3317
3338	3317
3340	3317
3342	3317
3344	3317
3345	3317
3348	3317
3354	3317
3356	3317
3357	3317
3359	3317
3363	3317
3364	3317
3365	3317
3366	3317
3375	3317
3377	3317
3379	3317
3384	3317
3386	3317
3388	3317
3390	3317
3394	3317
3395	3317
3397	3317
3398	3317
3399	3317
3402	3317
3404	3317
3406	3317
3407	3317
3409	3317
3410	3317
3411	3317
3413	3317
3414	3317
3415	3317
3416	3317
3417	3317
3419	3317
3422	3317
3423	3317
3426	3317
3429	3317
3430	3317
3431	3317
3432	3317
3435	3317
3438	3317
3441	3317
3443	3441
3444	3441
3446	3441
3447	3441
3449	3441
3450	3441
3452	3441
3454	3441
3458	3441
3461	3441
3464	3441
3466	3441
3468	3441
3469	3441
3470	3441
3472	3441
3473	3441
3474	3441
3476	3441
3477	3441
3480	3441
3481	3441
3483	3441
3484	3441
3485	3441
3486	3441
3489	3506
3490	3441
3491	3441
3492	3441
3493	3441
3495	3441
3497	3441
3499	3441
3500	3441
3503	3441
3504	3441
3506	3524
3507	3441
3510	3511
3511	3441
3512	3441
3514	3441
3515	3441
3517	3511
3519	3520
3520	3511
3521	3520
3523	3520
3524	3520
3525	3506
3526	3506
3527	3506
3528	3506
3529	3506
3530	3506
3531	3547
3533	3530
3536	3533
3538	3533
3539	3533
3540	3533
3541	3533
3543	3533
3544	3533
3545	3533
3546	3551
3547	3533
3550	3533
3551	3547
3556	3551
3567	3551
3569	3551
3571	3551
3572	3551
3574	3551
3576	3551
3578	3551
3582	3551
3585	3551
3586	3551
3589	3551
3593	3551
3594	3551
3595	3551
3597	3551
3599	3551
3604	3551
3606	3551
3607	3551
3613	3551
3616	3551
3617	3551
3619	3551
3621	3551
3623	3551
3624	3551
3625	3551
3626	3551
3629	3551
3631	3551
3632	3551
3634	3551
3636	3551
3637	3551
3639	3551
3642	3551
3645	3551
3648	3551
3652	3551
3657	3551
3658	3551
3660	3551
3662	3551
3665	3551
3666	3551
3668	3551
3670	3551
3672	3551
3674	3697
3676	3551
3677	3551
3679	3551
3680	3551
3682	3551
3684	3551
3686	3551
3688	3551
3690	3697
3692	3551
3694	3551
3695	3551
3697	3551
3699	3697
3700	3697
3701	3697
3702	3697
3703	3697
3706	3697
3707	3747
3708	3697
3710	3697
3711	3697
3714	3697
3715	3697
3717	3697
3718	3697
3721	3697
3722	3697
3723	3697
3725	3697
3727	3697
3728	3697
3730	3697
3731	3697
3732	3697
3733	3697
3735	3746
3737	3697
3739	3697
3741	3697
3743	3769
3745	3697
3746	3697
3747	3746
3749	3747
3750	3747
3752	3747
3753	3747
3754	3747
3755	3747
3758	3747
3759	3747
3761	3747
3763	3747
3768	3747
3769	3747
3770	3769
3771	3769
3773	3769
3774	3769
3777	3769
3780	3769
3781	3769
3782	3769
3783	3769
3784	3769
3785	3769
3787	3769
3789	3769
3792	3769
3797	3769
3798	3769
3799	3769
3800	3769
3803	3769
3806	3769
3809	3769
3811	3769
3814	3769
3816	3769
3818	3769
3820	3769
3821	3769
3822	3769
3824	3769
3826	3769
3827	3769
3828	3769
3829	3769
3831	3769
3832	3769
3833	3769
3834	3208
3837	3208
3838	3208
3841	3208
3845	3208
3846	3208
3847	3208
3848	3208
3851	3208
3852	3208
3853	3208
3855	3208
3857	3208
3858	3208
3860	3208
3861	3208
3863	3208
3864	3208
3866	3208
3868	3208
3869	3208
3870	3208
3872	3208
3873	3208
3875	3208
3882	3208
3883	3208
3885	3208
3886	3885
3887	3915
3889	3885
3895	3885
3896	3885
3897	3885
3898	3885
3899	3885
3902	3885
3903	3885
3904	3911
3905	3885
3908	3885
3911	3885
3912	3885
3913	3885
3915	3911
3916	3911
3917	3915
3918	3915
3919	3915
3921	3915
3922	3915
3924	3915
3925	3915
3926	3915
3927	3915
3928	3915
3930	3915
3931	3915
3933	3915
3937	3915
3938	3915
3940	3915
3941	3974
3942	3915
3943	3915
3944	3974
3945	3915
3946	3915
3948	3915
3949	3915
3950	3915
3952	3983
3955	3915
3957	3915
3958	3915
3960	3915
3961	3915
3967	3915
3968	4027
3969	3915
3970	3915
3971	3915
3972	3915
3973	3915
3974	3955
3975	3974
3977	3974
3978	3974
3979	3974
3982	3974
3983	3987
3984	3974
3985	3952
3986	3974
3987	3974
3990	3987
3992	3987
3993	4008
3994	4008
3997	4008
3998	4008
3999	4008
4001	3985
4002	3985
4004	4008
4006	4008
4008	4002
4009	4008
4013	4008
4014	4027
4017	4008
4020	4008
4022	4008
4024	4008
4026	4008
4027	4008
4034	4008
4039	4008
4041	4008
4042	4008
4043	4008
4044	4008
4045	4008
4046	4008
4047	4008
4049	4027
4050	4027
4051	4027
4052	4027
4053	4027
4055	4027
4059	4027
4061	4027
4063	4027
4065	4027
4067	4027
4068	4027
4069	4027
4071	4027
4072	4027
4074	4027
4076	4027
4078	4049
4079	4049
4081	4087
4083	4049
4084	4049
4086	4083
4087	4086
4088	4087
4090	4087
4091	4087
4093	4087
4095	4087
4100	4087
4101	4103
4103	4095
4105	4103
4106	4103
4108	4103
4112	4103
4113	4103
4115	4103
4119	4103
4121	4103
4122	4103
4124	4103
4125	4103
4127	4103
4128	4103
4129	4103
4130	4103
4133	4103
4135	4103
4136	4244
4137	4103
4139	4103
4143	4103
4144	4103
4145	4103
4147	4103
4148	4103
4150	4103
4151	4103
4153	4103
4154	4103
4156	4103
4158	4103
4161	4103
4163	4103
4164	4103
4166	4103
4168	4103
4169	4103
4170	4103
4171	4103
4172	4103
4174	4103
4175	4103
4177	4103
4179	4103
4180	4103
4181	4103
4182	4213
4183	4103
4184	4103
4185	4103
4186	4103
4187	4103
4190	4103
4191	4103
4192	4103
4194	4213
4196	4103
4198	4103
4199	4103
4201	4103
4204	4103
4207	4103
4213	4103
4218	4213
4220	4213
4221	4213
4222	4213
4223	4213
4224	4213
4227	4213
4228	4213
4229	4213
4230	4213
4232	4213
4233	4213
4234	4213
4235	4213
4237	4213
4239	4213
4242	4213
4243	4213
4244	4213
4245	4213
4248	4244
4250	4244
4256	4244
4259	4244
4264	4244
4265	4244
4266	4244
4267	4136
4270	4244
4273	4291
4274	4291
4277	4673
4278	4136
4280	4136
4281	4136
4282	4136
4284	4291
4286	4136
4287	4289
4289	4136
4290	4291
4291	4289
4293	4291
4296	4291
4297	4291
4300	4291
4301	4291
4302	4291
4304	4291
4305	4291
4307	4291
4308	4291
4309	4291
4310	4291
4311	4291
4313	4314
4314	5160
4319	4314
4321	4314
4324	4314
4326	4314
4327	4314
4328	4314
4330	4314
4334	4314
4336	4314
4337	4314
4338	4314
4339	4314
4341	4314
4344	4314
4345	4314
4348	4314
4352	4344
4354	4314
4355	4314
4357	4314
4360	4314
4366	4344
4367	4344
4369	4344
4372	4344
4375	4344
4376	4344
4377	4344
4378	4344
4379	4344
4383	4344
4395	4344
4396	4344
4397	4344
4398	4344
4400	4344
4401	4344
4405	4344
4407	4379
4408	4379
4409	4379
4410	4379
4413	4379
4418	4379
4422	4379
4425	4432
4431	4379
4432	4379
4435	4432
4439	4432
4442	4432
4443	4432
4444	4432
4446	4432
4447	4432
4448	4442
4450	4442
4451	4442
4452	4442
4454	4466
4455	4442
4456	4442
4457	4442
4458	4442
4459	4442
4460	4442
4461	4442
4462	4442
4465	4514
4466	4462
4467	4466
4468	4466
4469	4466
4471	4466
4472	4466
4473	4522
4474	4466
4475	4466
4476	4466
4477	4466
4482	4466
4483	4466
4484	4466
4485	4466
4486	5135
4488	4466
4489	4466
4490	4466
4496	4466
4497	4466
4498	4466
4499	4466
4500	4466
4502	4466
4504	4466
4505	4466
4506	4466
4507	4466
4508	4466
4509	4466
4510	4466
4512	4466
4513	4466
4514	4473
4515	4466
4519	4466
4522	4466
4523	4466
4528	4473
4530	4514
4532	4514
4533	4514
4535	4514
4536	4514
4537	4514
4538	4514
4539	4514
4542	4514
4543	4514
4544	4514
4546	4514
4547	4514
4549	4514
4551	4618
4553	4514
4555	4514
4556	4538
4557	4538
4559	4538
4561	4538
4564	4575
4566	4538
4567	4538
4569	4538
4571	4579
4575	4538
4578	4575
4579	4564
4582	4564
4583	4579
4584	4579
4585	4579
4588	4579
4589	4579
4590	4579
4591	4579
4592	4579
4594	4579
4596	4579
4598	4579
4599	4579
4601	4579
4605	4579
4607	4579
4608	4579
4610	4611
4611	4579
4612	4579
4614	4611
4616	4611
4618	4611
4619	4611
4620	4618
4621	4611
4623	4618
4624	4618
4625	4618
4626	4618
4627	4618
4629	4618
4630	4618
4632	4618
4633	4618
4635	4618
4636	4618
4638	4618
4640	4618
4641	4618
4644	4618
4645	4618
4646	4618
4647	4618
4648	4618
4649	4618
4650	4618
4652	4618
4653	4686
4654	4618
4655	4618
4657	4618
4658	4618
4659	4618
4660	4618
4661	4618
4663	4686
4664	4618
4667	4618
4668	4618
4670	4618
4671	4618
4672	4618
4673	4618
4675	4618
4676	4618
4677	4618
4678	4618
4680	4673
4682	4673
4684	4673
4686	4691
4687	4673
4688	4673
4691	4707
4695	4673
4696	4707
4697	4673
4698	4673
4701	4673
4703	4673
4704	4673
4707	4673
4711	4673
4712	4673
4714	4686
4716	4707
4717	4691
4718	4691
4722	4686
4724	4686
4726	4745
4727	4686
4729	4686
4730	4686
4732	4686
4733	4686
4736	4760
4739	4686
4740	4686
4743	4686
4744	4686
4745	4714
4750	4745
4751	4726
4752	4726
4753	4726
4755	4726
4756	4726
4757	4726
4758	4726
4760	4726
4762	4726
4763	4726
4765	4726
4766	4760
4769	4760
4770	4760
4774	4760
4775	4760
4777	4760
4778	4760
4779	4760
4780	4760
4781	4760
4783	4760
4784	4760
4785	4760
4786	4760
4787	4760
4789	4760
4791	4760
4793	4760
4794	4760
4795	4760
4797	4760
4800	4760
4802	4760
4804	4760
4805	4760
4806	4814
4808	4760
4809	4760
4810	4760
4812	4760
4813	4814
4814	4760
4815	4760
4816	4760
4817	4814
4818	4877
4820	4760
4822	4760
4823	4814
4824	4814
4825	4877
4827	4856
4828	4814
4829	4814
4830	4814
4831	4814
4832	4839
4833	4814
4836	4814
4837	4814
4839	4827
4840	4814
4842	4814
4844	4814
4845	4814
4847	4814
4848	4856
4849	4814
4850	4814
4851	4814
4852	4814
4854	4856
4856	4806
4857	4856
4858	4856
4860	4856
4861	4856
4862	4877
4864	4856
4869	4827
4871	4827
4872	4886
4874	4877
4877	4839
4880	4877
4883	4877
4884	4877
4885	4877
4886	4884
4887	4877
4889	4877
4890	4877
4893	4877
4894	4877
4898	4877
4900	4877
4902	4877
4906	4877
4907	4877
4908	4884
4910	4921
4912	4910
4913	4884
4914	4921
4915	4884
4917	4884
4919	4921
4921	4886
4922	4886
4923	4886
4926	4886
4927	4921
4928	4921
4929	4921
4930	4910
4931	4921
4932	4921
4933	4921
4934	4910
4935	4910
4937	4910
4938	4910
4939	5017
4941	4910
4942	4910
4945	4910
4947	4910
4948	4910
4952	4947
4954	4947
4955	4947
4957	4947
4959	4947
4961	4947
4962	4947
4963	4947
4964	4947
4966	4947
4968	4947
4971	5015
4972	4959
4973	4959
4975	4959
4976	4959
4978	4959
4979	4959
4980	4959
4983	4959
4984	4959
4986	4959
4988	4959
4989	4959
4990	4959
4991	4959
4995	4959
4996	4959
4998	4959
5000	4959
5001	4990
5003	5017
5005	4959
5006	4990
5007	5009
5008	5001
5009	5001
5011	5017
5014	5015
5015	5007
5017	4971
5018	5020
5020	5022
5021	4939
5022	4939
5023	5031
5025	5020
5027	5020
5028	5020
5030	5020
5031	5020
5032	5020
5033	5020
5034	5020
5036	5031
5037	5031
5038	5031
5040	5031
5043	5046
5045	5031
5046	5031
5047	5031
5049	5046
5051	5046
5053	5046
5055	5046
5057	5046
5059	5046
5060	5046
5061	5069
5062	5069
5064	5069
5067	5046
5069	5046
5070	5046
5073	5097
5077	5069
5078	5069
5081	5069
5085	5069
5086	5069
5089	5069
5090	5069
5092	5069
5094	5069
5095	5069
5097	5069
5099	5104
5100	5073
5102	5104
5104	5073
5111	5104
5114	5104
5115	5104
5117	5104
5119	5104
5122	5102
5123	5102
5125	5102
5126	5102
5128	5102
5129	5102
5131	5102
5134	5102
5135	5102
5136	5135
5141	5102
5144	5102
5146	5135
5148	5102
5151	5135
5152	5135
5155	5135
5156	5135
5157	5135
5158	5135
5160	5135
5161	5135
5166	5219
5170	5135
5172	5135
5173	5135
5174	5135
5175	5135
5176	5135
5178	5135
5179	5135
5181	5135
5184	5135
5185	5135
5188	5319
5190	5160
5192	5160
5193	5160
5194	5160
5196	5219
5200	5160
5201	5160
5203	5160
5205	5210
5206	5219
5207	5160
5209	5160
5210	5160
5212	5160
5213	5205
5214	5219
5215	5219
5216	5219
5217	5219
5219	5213
5220	5219
5223	5219
5224	5219
5225	5219
5228	5219
5229	5219
5231	5219
5233	5219
5236	5220
5237	5220
5238	5220
5239	5220
5240	5249
5242	5220
5243	5220
5244	5220
5245	5220
5247	5244
5248	5249
5249	5244
5252	5244
5253	5244
5255	5249
5256	5627
5259	5249
5261	5249
5262	5249
5263	5249
5265	5267
5266	5267
5267	5249
5268	5249
5269	5267
5270	5279
5271	5267
5272	5267
5273	5267
5274	5267
5277	5392
5278	5267
5279	5267
5280	5267
5281	5267
5282	5279
5284	5279
5285	5279
5286	5279
5287	5279
5289	5279
5291	5279
5292	5279
5293	5279
5294	5279
5295	5279
5296	5279
5297	5279
5299	5279
5302	5279
5303	5279
5306	5279
5310	5279
5311	5279
5313	5279
5314	5279
5316	5279
5318	5279
5319	5318
5321	5318
5322	5319
5323	5319
5324	5319
5326	5319
5328	5319
5330	5319
5332	5319
5337	5319
5338	5319
5339	5319
5340	5319
5342	5319
5343	5319
5345	5319
5347	5319
5349	5319
5351	5441
5352	5319
5353	5319
5355	5319
5358	5319
5359	5319
5361	5319
5363	5319
5364	5319
5365	5319
5368	5319
5369	5319
5370	5319
5371	5319
5372	5319
5374	5319
5375	5372
5378	5319
5379	5372
5381	5375
5383	5372
5386	5375
5389	5375
5390	5375
5391	5375
5392	5441
5394	5375
5395	5375
5396	5375
5398	5375
5399	5441
5402	5375
5403	5375
5405	5375
5406	5375
5408	5375
5409	5375
5410	5375
5412	5375
5413	5375
5416	5375
5417	5375
5418	5375
5419	5417
5421	5417
5422	5417
5424	5417
5426	5417
5427	5417
5428	5427
5429	5427
5431	5427
5432	5427
5434	5427
5436	5427
5437	5427
5439	5441
5441	5427
5475	5441
5477	5441
5479	5561
5480	5441
5481	5441
5482	5441
5483	5441
5484	5441
5485	5441
5487	5392
5488	5441
5497	5441
5499	5441
5501	5441
5502	5441
5503	5441
5504	5441
5505	5441
5506	5441
5508	5441
5510	5441
5511	5441
5512	5392
5513	5392
5514	5441
5519	5441
5524	5441
5525	5441
5531	5392
5533	5392
5534	5392
5535	5392
5538	5392
5540	5392
5542	5392
5543	5392
5544	5392
5545	5392
5547	5392
5549	5392
5550	5392
5551	5479
5557	5549
5558	5549
5559	5549
5560	5549
5561	5549
5563	5479
5564	5479
5565	5479
5566	5479
5569	5479
5571	5479
5572	5479
5573	5479
5574	5479
5576	5479
5577	5479
5578	5479
5579	5479
5581	5479
5582	5479
5584	5479
5586	5479
5587	5479
5588	5479
5592	5479
5593	5479
5594	5479
5595	5479
5597	5609
5598	5479
5601	5479
5603	5479
5605	5479
5607	5479
5608	5479
5609	5479
5611	5479
5613	5479
5614	5609
5616	5609
5618	5609
5621	5609
5622	5609
5623	5609
5625	5687
5626	5609
5627	5609
5629	5609
5630	5609
5631	5609
5633	5609
5635	5609
5636	5609
5637	5609
5638	5609
5639	5609
5641	5609
5643	5609
5644	5627
5645	5609
5648	5627
5649	5627
5650	5627
5652	5627
5653	5627
5656	5627
5657	5627
5658	5627
5659	5627
5660	5627
5664	5668
5666	5627
5667	5627
5668	5627
5671	5664
5672	5627
5673	5627
5674	5668
5676	5627
5682	5687
5683	5664
5684	5664
5685	5664
5686	5687
5687	5685
5691	5687
5693	5687
5694	5687
5695	5687
5697	5687
5698	5687
5699	5687
5700	5707
5702	5687
5705	5687
5707	5687
5710	5687
5711	5687
5712	5687
5713	5687
5714	5687
5715	5687
5717	5687
5718	5687
5720	5707
5722	5687
5723	5687
5727	5687
5731	5687
5736	5687
5737	5687
5738	5687
5739	5707
5741	5707
5742	5707
5744	5707
5745	5707
5747	5707
5749	5707
5750	5707
5751	5707
5754	5707
5756	5707
5757	5707
5760	5707
5762	5707
5764	5707
5765	5707
5766	5707
5769	5707
5771	5707